5.593763317760640508e-01 4.406236682239360047e-01
5.612940657702406577e-01 4.387059342297593423e-01
5.456979798151042615e-01 4.543020201848956829e-01
5.425392134397946098e-01 4.574607865602054457e-01
5.402066547780337569e-01 4.597933452219662986e-01
5.450157025548700851e-01 4.549842974451298594e-01
5.465655314213566651e-01 4.534344685786433904e-01
5.396625100778431605e-01 4.603374899221568395e-01
6.205977034225039768e-01 3.794022965774960232e-01
5.531352707667209767e-01 4.468647292332789678e-01
5.588968500041373577e-01 4.411031499958626423e-01
5.582080134637597002e-01 4.417919865362402443e-01
5.547064990742549551e-01 4.452935009257450449e-01
5.519883898087978302e-01 4.480116101912022253e-01
5.390021871388106511e-01 4.609978128611894044e-01
5.454588105177085033e-01 4.545411894822914411e-01
5.396470018722213657e-01 4.603529981277786343e-01
5.500192843305069523e-01 4.499807156694931032e-01
5.481556185775809942e-01 4.518443814224190058e-01
5.472603624466350070e-01 4.527396375533650486e-01
5.711577527293397738e-01 4.288422472706602262e-01
5.477973818324841648e-01 4.522026181675158352e-01
5.423814446964201341e-01 4.576185553035798104e-01
5.487836300560133829e-01 4.512163699439865616e-01
5.550098690097410303e-01 4.449901309902589697e-01
5.410266241848133983e-01 4.589733758151866572e-01
5.401437490792697638e-01 4.598562509207301807e-01
5.574084100934642017e-01 4.425915899065357428e-01
5.453071719286064489e-01 4.546928280713936066e-01
5.404587174319999132e-01 4.595412825680001423e-01
5.640462380690604016e-01 4.359537619309395984e-01
5.410078782946186049e-01 4.589921217053814506e-01
5.704390299219723737e-01 4.295609700780275708e-01
5.454896962989527198e-01 4.545103037010472802e-01
5.472983943269076335e-01 4.527016056730924221e-01
5.439296021247258528e-01 4.560703978752741472e-01
5.393753430732237675e-01 4.606246569267761770e-01
5.448329813850866232e-01 4.551670186149133768e-01
5.523406874185454729e-01 4.476593125814545826e-01
5.489219669837761550e-01 4.510780330162239005e-01
5.837226702623360408e-01 4.162773297376639592e-01
5.406649754078984849e-01 4.593350245921014596e-01
5.479939026309263994e-01 4.520060973690736006e-01
5.676167189258038981e-01 4.323832810741961019e-01
5.364196638241474080e-01 4.635803361758525920e-01
5.443387685927159048e-01 4.556612314072840952e-01
5.420124747806227550e-01 4.579875252193773005e-01
5.965037075873257377e-01 4.034962924126742623e-01
5.540321443039900595e-01 4.459678556960099405e-01
5.476271094381083282e-01 4.523728905618916718e-01
5.468730573475755197e-01 4.531269426524245358e-01
5.544741994035118360e-01 4.455258005964882195e-01
5.424411181523367542e-01 4.575588818476633013e-01
5.426195489899079405e-01 4.573804510100920595e-01
5.419815106283756290e-01 4.580184893716244265e-01
5.481591383896163849e-01 4.518408616103836151e-01
5.494311747519147193e-01 4.505688252480852807e-01
5.412709324745008654e-01 4.587290675254991901e-01
5.557640267313008753e-01 4.442359732686991802e-01
5.435854713562341400e-01 4.564145286437658600e-01
5.541139332145367247e-01 4.458860667854632753e-01
5.544365676672085019e-01 4.455634323327914981e-01
5.580805781341815486e-01 4.419194218658183959e-01
5.458982440004731540e-01 4.541017559995268460e-01
5.453051043582020085e-01 4.546948956417980470e-01
5.529167199095539331e-01 4.470832800904461224e-01
5.526821022039218878e-01 4.473178977960780567e-01
5.528675394883000305e-01 4.471324605116999695e-01
5.405644687276729421e-01 4.594355312723270024e-01
5.493064966681096006e-01 4.506935033318903994e-01
5.445697783112821710e-01 4.554302216887178290e-01
5.464177553550257915e-01 4.535822446449741530e-01
5.336413482625361748e-01 4.663586517374638807e-01
5.409110102306537993e-01 4.590889897693462562e-01
5.502603914033388222e-01 4.497396085966611778e-01
5.482444762744334010e-01 4.517555237255665435e-01
5.447722035034956445e-01 4.552277964965044110e-01
5.527153929010113487e-01 4.472846070989885958e-01
5.499279263415335350e-01 4.500720736584664095e-01
5.457693610973055609e-01 4.542306389026944391e-01
5.394103533533771699e-01 4.605896466466228856e-01
5.531647055325918938e-01 4.468352944674080507e-01
5.429648041623368337e-01 4.570351958376631663e-01
5.436248617408879769e-01 4.563751382591120231e-01
5.590922953480945701e-01 4.409077046519054854e-01
5.363838107576974767e-01 4.636161892423024677e-01
5.443197000284776266e-01 4.556802999715223734e-01
5.476095258521855857e-01 4.523904741478144143e-01
5.787636992016960136e-01 4.212363007983040419e-01
5.429314209779340095e-01 4.570685790220659905e-01
5.738914171667177655e-01 4.261085828332822345e-01
5.443593293688681056e-01 4.556406706311318944e-01
5.568144629932485490e-01 4.431855370067515065e-01
5.431193086479191301e-01 4.568806913520809254e-01
5.503488943657619537e-01 4.496511056342380463e-01
5.434958560859033394e-01 4.565041439140966606e-01
5.543766357827208946e-01 4.456233642172790499e-01
5.489896022716835855e-01 4.510103977283164145e-01
5.468630636695208658e-01 4.531369363304791342e-01
5.397752093912426830e-01 4.602247906087572615e-01
5.506386253072369508e-01 4.493613746927630492e-01
5.411861309118063401e-01 4.588138690881936599e-01
5.530239751983829777e-01 4.469760248016170223e-01
5.423786520681224133e-01 4.576213479318775867e-01
5.374083024560474264e-01 4.625916975439526291e-01
5.556164003339369994e-01 4.443835996660630006e-01
5.470339131386725562e-01 4.529660868613273883e-01
5.475257371457238342e-01 4.524742628542761103e-01
5.601529336154703609e-01 4.398470663845296391e-01
5.538709168862601118e-01 4.461290831137399437e-01
5.433386156080884932e-01 4.566613843919115068e-01
5.385396665783808157e-01 4.614603334216192398e-01
5.441678255218407312e-01 4.558321744781592688e-01
5.485559666626580455e-01 4.514440333373420100e-01
5.374816962786190810e-01 4.625183037213809190e-01
5.645435177636844992e-01 4.354564822363155008e-01
5.459789075739118758e-01 4.540210924260881242e-01
5.462270475249437762e-01 4.537729524750561683e-01
5.446262849633111136e-01 4.553737150366888864e-01
5.388110299441069007e-01 4.611889700558930993e-01
5.470139238435325346e-01 4.529860761564674099e-01
5.427561263848691420e-01 4.572438736151308580e-01
6.062316850410929270e-01 3.937683149589071285e-01
5.475355873588754196e-01 4.524644126411246359e-01
5.481106329368757857e-01 4.518893670631242143e-01
5.376244764945492527e-01 4.623755235054507473e-01
5.439510242634324477e-01 4.560489757365676078e-01
5.402288712442369079e-01 4.597711287557630366e-01
5.618007669619038413e-01 4.381992330380962142e-01
5.442105130227470333e-01 4.557894869772530222e-01
5.595962659687554464e-01 4.404037340312445536e-01
5.406307298831480868e-01 4.593692701168519132e-01
5.419171371099922307e-01 4.580828628900078248e-01
5.439631467025303202e-01 4.560368532974696798e-01
5.529935895599580320e-01 4.470064104400419680e-01
5.627726098215937167e-01 4.372273901784062278e-01
5.484327122816812228e-01 4.515672877183188327e-01
5.630261546146266838e-01 4.369738453853732607e-01
5.455996204806956573e-01 4.544003795193042872e-01
5.519666642559732939e-01 4.480333357440266506e-01
5.412410410978020225e-01 4.587589589021979775e-01
5.382421135897584863e-01 4.617578864102415137e-01
5.471858277060890341e-01 4.528141722939109659e-01
5.820239509855952287e-01 4.179760490144047713e-01
5.738249776217729803e-01 4.261750223782269642e-01
5.448248137160707216e-01 4.551751862839293339e-01
5.456348583727584911e-01 4.543651416272415089e-01
5.422890127300179497e-01 4.577109872699821058e-01
5.502039776519139780e-01 4.497960223480860220e-01
5.488412186448489161e-01 4.511587813551510839e-01
5.529658761886194762e-01 4.470341238113805238e-01
5.557397945849420484e-01 4.442602054150578961e-01
5.785139328128763303e-01 4.214860671871236697e-01
5.494825437278121338e-01 4.505174562721878107e-01
5.516094222065920372e-01 4.483905777934079628e-01
5.619536733735724932e-01 4.380463266264275068e-01
5.474891240179147189e-01 4.525108759820852811e-01
5.361436756632718126e-01 4.638563243367281319e-01
5.465748037835309603e-01 4.534251962164689842e-01
5.456600069774848460e-01 4.543399930225150984e-01
5.444957728220336524e-01 4.555042271779663476e-01
5.407228801098712401e-01 4.592771198901287599e-01
5.471363161125171182e-01 4.528636838874829373e-01
5.437067096594405680e-01 4.562932903405593765e-01
5.496253630538576740e-01 4.503746369461423815e-01
5.481686219694207329e-01 4.518313780305792671e-01
5.525495649925171726e-01 4.474504350074827719e-01
5.424112407700361072e-01 4.575887592299638928e-01
5.518373977000374797e-01 4.481626022999624648e-01
5.429290359194725024e-01 4.570709640805275531e-01
5.470791946016787533e-01 4.529208053983212467e-01
5.628972688697264637e-01 4.371027311302735918e-01
5.441604687499641546e-01 4.558395312500358454e-01
5.443533785347403064e-01 4.556466214652596380e-01
5.439795303675563076e-01 4.560204696324436924e-01
5.549974853935941699e-01 4.450025146064058301e-01
5.401388570826490820e-01 4.598611429173509735e-01
5.468319903412253158e-01 4.531680096587747397e-01
5.436148005708598685e-01 4.563851994291400760e-01
5.594496777307279567e-01 4.405503222692720433e-01
5.433380740253577201e-01 4.566619259746422244e-01
5.433487720566877455e-01 4.566512279433122545e-01
5.505138433080982718e-01 4.494861566919016727e-01
5.485191040383613492e-01 4.514808959616386508e-01
5.430592189307029694e-01 4.569407810692970306e-01
5.488849442180413485e-01 4.511150557819586515e-01
5.450164995953856728e-01 4.549835004046142717e-01
5.426602775644812082e-01 4.573397224355187918e-01
5.447205303024025280e-01 4.552794696975975275e-01
5.463109437556870063e-01 4.536890562443130492e-01
5.395877263320114636e-01 4.604122736679885919e-01
5.397965702387803599e-01 4.602034297612196956e-01
5.429843986342890449e-01 4.570156013657108995e-01
5.482010866544599903e-01 4.517989133455400097e-01
5.551755227466725895e-01 4.448244772533274105e-01
5.438561278232090235e-01 4.561438721767909765e-01
5.511073795459284774e-01 4.488926204540715781e-01
5.416836597730674274e-01 4.583163402269325726e-01
5.432619222319414742e-01 4.567380777680585813e-01
5.430184532321260527e-01 4.569815467678740029e-01
5.419255179919667542e-01 4.580744820080332458e-01
5.541105802921730827e-01 4.458894197078269728e-01
5.383861422422484555e-01 4.616138577577514890e-01
5.404085994407787918e-01 4.595914005592212637e-01
5.566686196565007183e-01 4.433313803434992817e-01
5.433088131776233620e-01 4.566911868223766380e-01
5.475222866894551288e-01 4.524777133105449267e-01
5.552077469446368152e-01 4.447922530553631293e-01
5.636912209106921257e-01 4.363087790893078188e-01
5.496752358873830957e-01 4.503247641126168488e-01
5.379004675136982438e-01 4.620995324863017562e-01
5.570616974475812722e-01 4.429383025524186723e-01
5.467843638834188891e-01 4.532156361165811109e-01
5.656502859813929973e-01 4.343497140186069472e-01
5.432974591481998239e-01 4.567025408518002316e-01
5.434447059186482409e-01 4.565552940813518146e-01
5.459830866158106311e-01 4.540169133841893689e-01
5.410492686601400258e-01 4.589507313398599742e-01
5.537664195089934127e-01 4.462335804910065873e-01
5.747742520225997964e-01 4.252257479774002036e-01
5.486467981524374427e-01 4.513532018475626129e-01
5.486193578140212690e-01 4.513806421859787865e-01
5.508357491383386595e-01 4.491642508616612850e-01
5.519595283020254373e-01 4.480404716979745627e-01
5.452336213584896285e-01 4.547663786415104270e-01
5.616853277267681577e-01 4.383146722732318423e-01
5.510653461546071163e-01 4.489346538453928837e-01
5.417829325105014693e-01 4.582170674894985862e-01
5.505093436250707573e-01 4.494906563749292983e-01
5.449691970072996217e-01 4.550308029927004339e-01
5.435113057203780906e-01 4.564886942796219094e-01
5.662025374036028236e-01 4.337974625963972319e-01
5.547976410260480051e-01 4.452023589739519949e-01
5.459953072904361049e-01 4.540046927095638951e-01
5.435266853585229985e-01 4.564733146414770015e-01
5.456513150940796031e-01 4.543486849059203969e-01
5.474923283161539089e-01 4.525076716838460911e-01
6.330799469050607531e-01 3.669200530949393024e-01
5.497974180772791097e-01 4.502025819227209458e-01
5.512812659024352024e-01 4.487187340975647976e-01
5.497920315211848319e-01 4.502079684788152236e-01
5.464500788785442431e-01 4.535499211214557569e-01
5.416707631836887860e-01 4.583292368163112696e-01
5.449375004332939199e-01 4.550624995667060246e-01
5.413361118100058489e-01 4.586638881899941511e-01
5.640342642038880250e-01 4.359657357961119195e-01
5.397104636502257913e-01 4.602895363497742087e-01
5.573735092543666836e-01 4.426264907456333164e-01
5.474521307443616092e-01 4.525478692556384464e-01
5.466085204942496834e-01 4.533914795057503166e-01
5.695896869590791889e-01 4.304103130409208111e-01
5.399718921818461581e-01 4.600281078181538419e-01
5.538118426818373630e-01 4.461881573181626370e-01
5.471679948959329298e-01 4.528320051040670702e-01
5.425986850729516142e-01 4.574013149270483858e-01
5.389218788344792843e-01 4.610781211655207157e-01
5.428349287000573398e-01 4.571650712999427157e-01
5.482411819821211285e-01 4.517588180178788715e-01
5.482313854003054709e-01 4.517686145996945291e-01
5.486076478548631563e-01 4.513923521451367882e-01
5.548194980428566847e-01 4.451805019571432598e-01
5.528882536527228719e-01 4.471117463472771836e-01
5.619380299862789530e-01 4.380619700137210470e-01
5.516158443683645274e-01 4.483841556316354171e-01
5.354341535100162197e-01 4.645658464899838358e-01
5.971885515041819303e-01 4.028114484958181252e-01
5.548764343356306084e-01 4.451235656643693916e-01
5.431728983297317015e-01 4.568271016702682430e-01
5.510302781378914050e-01 4.489697218621085950e-01
5.423781829906908492e-01 4.576218170093092064e-01
5.666878153494203652e-01 4.333121846505795793e-01
5.509689703523314996e-01 4.490310296476685004e-01
5.511936587275929611e-01 4.488063412724070944e-01
5.521704644468458101e-01 4.478295355531541899e-01
5.465122268937996353e-01 4.534877731062003647e-01
5.502432414103757274e-01 4.497567585896242170e-01
5.454142844785599964e-01 4.545857155214400036e-01
5.477298516515416438e-01 4.522701483484584117e-01
5.443005608590824052e-01 4.556994391409175948e-01
5.491220816669892812e-01 4.508779183330107188e-01
5.516498647937697619e-01 4.483501352062301826e-01
5.497971572890303360e-01 4.502028427109696640e-01
5.411326542833947428e-01 4.588673457166053127e-01
5.416157981013003386e-01 4.583842018986996614e-01
5.584741052474122558e-01 4.415258947525877442e-01
5.493342381652803752e-01 4.506657618347196803e-01
5.449921694810085926e-01 4.550078305189914074e-01
5.542148017513927050e-01 4.457851982486072950e-01
5.810395730478341569e-01 4.189604269521658431e-01
5.414754898790277160e-01 4.585245101209722285e-01
5.477813178984101139e-01 4.522186821015898306e-01
5.509509701093215917e-01 4.490490298906784639e-01
5.392868711835590023e-01 4.607131288164410532e-01
5.423290759419733265e-01 4.576709240580266735e-01
5.565912675800267495e-01 4.434087324199732505e-01
5.386053802059147522e-01 4.613946197940852478e-01
5.455834464039208687e-01 4.544165535960791313e-01
5.475875617099452697e-01 4.524124382900547303e-01
5.414539286391519823e-01 4.585460713608479622e-01
5.507183974258467174e-01 4.492816025741532826e-01
5.478593495138829317e-01 4.521406504861170683e-01
5.598780014083289958e-01 4.401219985916710042e-01
5.491247282020503828e-01 4.508752717979496727e-01
5.455920351329677231e-01 4.544079648670323324e-01
5.374074229661223168e-01 4.625925770338776277e-01
5.412062590068571488e-01 4.587937409931429067e-01
5.493925213346273484e-01 4.506074786653726516e-01
5.441765495495582972e-01 4.558234504504416473e-01
5.484751682515314197e-01 4.515248317484685248e-01
5.560944127285265548e-01 4.439055872714733897e-01
5.514060737316350824e-01 4.485939262683649731e-01
5.421124674700630308e-01 4.578875325299370247e-01
5.466831734834982637e-01 4.533168265165016808e-01
5.450500584251132263e-01 4.549499415748867182e-01
5.840273780434197537e-01 4.159726219565802463e-01
5.463896419583949005e-01 4.536103580416050440e-01
5.393757920397848071e-01 4.606242079602151929e-01
5.846705002395932160e-01 4.153294997604067840e-01
5.566806896265703575e-01 4.433193103734295870e-01
5.665481766356679216e-01 4.334518233643320229e-01
5.472447996638625245e-01 4.527552003361374200e-01
5.492358077763033197e-01 4.507641922236966803e-01
5.465193475012553037e-01 4.534806524987447518e-01
5.492305745912970938e-01 4.507694254087028507e-01
5.493872654530842503e-01 4.506127345469156942e-01
5.478660813712248334e-01 4.521339186287752221e-01
5.463656333128514841e-01 4.536343666871485714e-01
5.489426172405305060e-01 4.510573827594694385e-01
5.505717003547017097e-01 4.494282996452982348e-01
5.516484174288474041e-01 4.483515825711525404e-01
5.491215435583181037e-01 4.508784564416819518e-01
5.430880046992165866e-01 4.569119953007834134e-01
5.635321782603173180e-01 4.364678217396826820e-01
5.425264956186603982e-01 4.574735043813396018e-01
5.419745701245008984e-01 4.580254298754991016e-01
5.389776564955834903e-01 4.610223435044165652e-01
5.607316045074364208e-01 4.392683954925635237e-01
5.444257318243126420e-01 4.555742681756873025e-01
5.495878862006869925e-01 4.504121137993130075e-01
5.498950482296662834e-01 4.501049517703337166e-01
5.483460853672812441e-01 4.516539146327188115e-01
5.537990076647486548e-01 4.462009923352513452e-01
5.418093567730930538e-01 4.581906432269068907e-01
5.425122786614442472e-01 4.574877213385557528e-01
5.422651576475334689e-01 4.577348423524665866e-01
5.435357175282289344e-01 4.564642824717710101e-01
5.540026750873645600e-01 4.459973249126354955e-01
5.556982499584037782e-01 4.443017500415962773e-01
5.395768454464828778e-01 4.604231545535171222e-01
5.422844160086444099e-01 4.577155839913556457e-01
5.426952091702699210e-01 4.573047908297301345e-01
5.444571265038615770e-01 4.555428734961384785e-01
5.449194898424640776e-01 4.550805101575359224e-01
5.450384763025910573e-01 4.549615236974088872e-01
5.421276315679504076e-01 4.578723684320496479e-01
5.504538070396662874e-01 4.495461929603337126e-01
5.386137350890813913e-01 4.613862649109186642e-01
5.482459084595037169e-01 4.517540915404962276e-01
5.443498877059286256e-01 4.556501122940713744e-01
5.376174114906591139e-01 4.623825885093409416e-01
5.427402776006711171e-01 4.572597223993288829e-01
5.508875653678280138e-01 4.491124346321720417e-01
5.457366622927204425e-01 4.542633377072796130e-01
5.452131481813919933e-01 4.547868518186080067e-01
5.409897604629212431e-01 4.590102395370787569e-01
5.709772993033895849e-01 4.290227006966104151e-01
5.433201034190663359e-01 4.566798965809336641e-01
5.444826411780745445e-01 4.555173588219253999e-01
5.442816012415503391e-01 4.557183987584497165e-01
5.597619079287207144e-01 4.402380920712792856e-01
5.413072374151188804e-01 4.586927625848811196e-01
5.486288415479747549e-01 4.513711584520252451e-01
5.445230144979609221e-01 4.554769855020390779e-01
5.422334847931762347e-01 4.577665152068237653e-01
5.652413264462918807e-01 4.347586735537081193e-01
5.426919169579462743e-01 4.573080830420536702e-01
5.387656479888236483e-01 4.612343520111764072e-01
5.362063896223212556e-01 4.637936103776786889e-01
5.467891376920819280e-01 4.532108623079180720e-01
5.452805389061445851e-01 4.547194610938554149e-01
5.425553248694297004e-01 4.574446751305702996e-01
5.395091861280696399e-01 4.604908138719303601e-01
5.417613583130178601e-01 4.582386416869821399e-01
5.552106888066579149e-01 4.447893111933420296e-01
5.567966059155109448e-01 4.432033940844889996e-01
5.490884934815515317e-01 4.509115065184484683e-01
5.434492195097616607e-01 4.565507804902383393e-01
5.628616499797883810e-01 4.371383500202116190e-01
5.424750466306429431e-01 4.575249533693570569e-01
5.601779915176952063e-01 4.398220084823048492e-01
5.424070631910707929e-01 4.575929368089292071e-01
5.911852949974621962e-01 4.088147050025378038e-01
5.402227072632890259e-01 4.597772927367110296e-01
5.448487752520260186e-01 4.551512247479739814e-01
5.398329121349743076e-01 4.601670878650257479e-01
5.550296378259009789e-01 4.449703621740990211e-01
5.411845313121463885e-01 4.588154686878536670e-01
5.471920675581273263e-01 4.528079324418726737e-01
5.452724598959771685e-01 4.547275401040228315e-01
5.751260933682327270e-01 4.248739066317673285e-01
5.516983778107130698e-01 4.483016221892869302e-01
5.428936042174672405e-01 4.571063957825328150e-01
5.418534139712769537e-01 4.581465860287231018e-01
5.547572354590937227e-01 4.452427645409063328e-01
5.439408611143354833e-01 4.560591388856645167e-01
5.488277699323980130e-01 4.511722300676019315e-01
5.430084175333041996e-01 4.569915824666958004e-01
5.411990256683932854e-01 4.588009743316067146e-01
5.478780263152525087e-01 4.521219736847474358e-01
5.406999996981378676e-01 4.593000003018621324e-01
5.451431217781502747e-01 4.548568782218497253e-01
5.672735540487646722e-01 4.327264459512353278e-01
5.469238423378814939e-01 4.530761576621185616e-01
5.473155627428966108e-01 4.526844372571033892e-01
5.415667044404905983e-01 4.584332955595094017e-01
5.791679416488464405e-01 4.208320583511535595e-01
5.426962690744858708e-01 4.573037309255141292e-01
5.471603667491988787e-01 4.528396332508011213e-01
5.377658473232500569e-01 4.622341526767499986e-01
5.426782410670996093e-01 4.573217589329004462e-01
5.596105995833435820e-01 4.403894004166564180e-01
5.531897246009711555e-01 4.468102753990288445e-01
5.477502807367520266e-01 4.522497192632480290e-01
5.417942957456822750e-01 4.582057042543177250e-01
5.518683577629874826e-01 4.481316422370125174e-01
5.481978892933000447e-01 4.518021107066999553e-01
5.505779122195334496e-01 4.494220877804665504e-01
5.476712840758791723e-01 4.523287159241208277e-01
5.804591273110590866e-01 4.195408726889409134e-01
5.721751597019608671e-01 4.278248402980391329e-01
5.600372462920870653e-01 4.399627537079128792e-01
5.455063488742258881e-01 4.544936511257741119e-01
5.409520237103948581e-01 4.590479762896050864e-01
5.431691142897292490e-01 4.568308857102706955e-01
5.539353078499449357e-01 4.460646921500551199e-01
5.623498359235713506e-01 4.376501640764286494e-01
5.439724743364275916e-01 4.560275256635724639e-01
5.522660318688729086e-01 4.477339681311270914e-01
5.403230268583757434e-01 4.596769731416242566e-01
5.673465207684116329e-01 4.326534792315883116e-01
5.491391593591561371e-01 4.508608406408439184e-01
5.419761986427001910e-01 4.580238013572998090e-01
5.463848171730703029e-01 4.536151828269296415e-01
5.443364062582440877e-01 4.556635937417559123e-01
5.480221009146798439e-01 4.519778990853201561e-01
5.415032672221482546e-01 4.584967327778518009e-01
5.431746308077782803e-01 4.568253691922217752e-01
5.397766103048269315e-01 4.602233896951730685e-01
5.485900829689160929e-01 4.514099170310839071e-01
5.517118843987582899e-01 4.482881156012416546e-01
5.456733523813653841e-01 4.543266476186346159e-01
5.458445202955186648e-01 4.541554797044812797e-01
5.428945914969082187e-01 4.571054085030917813e-01
5.523365907686947907e-01 4.476634092313052093e-01
5.444050412046539389e-01 4.555949587953460611e-01
5.465353867522764197e-01 4.534646132477235803e-01
5.402525456788997982e-01 4.597474543211002573e-01
5.424504913782873805e-01 4.575495086217126195e-01
5.520913133758690305e-01 4.479086866241309695e-01
5.409631173073112809e-01 4.590368826926886636e-01
5.511347540239988074e-01 4.488652459760011926e-01
5.503852739577348441e-01 4.496147260422651004e-01
5.371696662995343319e-01 4.628303337004656681e-01
5.394761029753984971e-01 4.605238970246014474e-01
5.421216605677445788e-01 4.578783394322554212e-01
5.377261645530327927e-01 4.622738354469672073e-01
5.477414694242449533e-01 4.522585305757550467e-01
5.526994583950285422e-01 4.473005416049714578e-01
5.708908786181625672e-01 4.291091213818374883e-01
5.446614330302179674e-01 4.553385669697819771e-01
5.456975669552552866e-01 4.543024330447446579e-01
5.524902311136168365e-01 4.475097688863832190e-01
5.437227973716691753e-01 4.562772026283308247e-01
5.427230477590800906e-01 4.572769522409199650e-01
5.434992511278411431e-01 4.565007488721588569e-01
5.385310754622576468e-01 4.614689245377423532e-01
5.493063012035859227e-01 4.506936987964141328e-01
5.446446879999330415e-01 4.553553120000669585e-01
5.469275864157869815e-01 4.530724135842129630e-01
5.509956532078028602e-01 4.490043467921971954e-01
5.405527115979268382e-01 4.594472884020731618e-01
5.373221048552562218e-01 4.626778951447437782e-01
5.488158905569919810e-01 4.511841094430080745e-01
5.525430920629033071e-01 4.474569079370967484e-01
5.611675166599479070e-01 4.388324833400520375e-01
5.527257507183149787e-01 4.472742492816849658e-01
5.506367698432843572e-01 4.493632301567156984e-01
5.479525269906904139e-01 4.520474730093095306e-01
5.442091014728370757e-01 4.557908985271629243e-01
5.478455765997315430e-01 4.521544234002684570e-01
5.525196059190441433e-01 4.474803940809558567e-01
5.492670024084254088e-01 4.507329975915745912e-01
5.389170124447918431e-01 4.610829875552081569e-01
5.528829910155586003e-01 4.471170089844414552e-01
5.391826599823380528e-01 4.608173400176619472e-01
5.595975044254684061e-01 4.404024955745315939e-01
5.496560739102536175e-01 4.503439260897463825e-01
5.528182441622842003e-01 4.471817558377158552e-01
5.473415630145372912e-01 4.526584369854626533e-01
5.453843482934188636e-01 4.546156517065810809e-01
5.464180777835299097e-01 4.535819222164700903e-01
5.533866905846025475e-01 4.466133094153973970e-01
5.418418447335602295e-01 4.581581552664397705e-01
5.356321391680403110e-01 4.643678608319596335e-01
5.342082485912804657e-01 4.657917514087195343e-01
5.418707600685710446e-01 4.581292399314288999e-01
5.463843718663234927e-01 4.536156281336765628e-01
5.440946588035857623e-01 4.559053411964141822e-01
5.585069896651811971e-01 4.414930103348188029e-01
5.461951788539649577e-01 4.538048211460350978e-01
5.411624960345631230e-01 4.588375039654369325e-01
5.427215291397156083e-01 4.572784708602843362e-01
5.577838880019727608e-01 4.422161119980272392e-01
5.526415759806853067e-01 4.473584240193146377e-01
5.433804513144688819e-01 4.566195486855311736e-01
5.471434765639318076e-01 4.528565234360681369e-01
5.464651651973988500e-01 4.535348348026011500e-01
5.489963359850673630e-01 4.510036640149326925e-01
5.500767208671075714e-01 4.499232791328923731e-01
5.554386768814284503e-01 4.445613231185715497e-01
5.454268323053282908e-01 4.545731676946717092e-01
5.433518404549266823e-01 4.566481595450732622e-01
5.486371418583930737e-01 4.513628581416069263e-01
5.511323588128665962e-01 4.488676411871334038e-01
5.606307355380848456e-01 4.393692644619151544e-01
5.382243693326127509e-01 4.617756306673872491e-01
5.513030808849720410e-01 4.486969191150279590e-01
5.433967779894676164e-01 4.566032220105323836e-01
5.373433665232636436e-01 4.626566334767363564e-01
5.529342039819695742e-01 4.470657960180303703e-01
5.462951188088993604e-01 4.537048811911006951e-01
5.406734618368811418e-01 4.593265381631188582e-01
5.415323989060430998e-01 4.584676010939569002e-01
5.472719782390800258e-01 4.527280217609199742e-01
5.475145064944457740e-01 4.524854935055542260e-01
5.459534553579628025e-01 4.540465446420371420e-01
5.519985015878335899e-01 4.480014984121664101e-01
5.464360635229323915e-01 4.535639364770676640e-01
5.375153392792639817e-01 4.624846607207359628e-01
5.551054685179606096e-01 4.448945314820393349e-01
5.465131074346233353e-01 4.534868925653766647e-01
5.469108991436414380e-01 4.530891008563585620e-01
5.508659684708117066e-01 4.491340315291883489e-01
5.433968318700919120e-01 4.566031681299081435e-01
5.504248235646385101e-01 4.495751764353615454e-01
5.539927311094710038e-01 4.460072688905289406e-01
5.434414883088697357e-01 4.565585116911302643e-01
5.469619373817163899e-01 4.530380626182836101e-01
5.453023417176410259e-01 4.546976582823589186e-01
5.740345934118170623e-01 4.259654065881829377e-01
5.559595459600628065e-01 4.440404540399371380e-01
5.793857263305184357e-01 4.206142736694815087e-01
6.160061280448718701e-01 3.839938719551281299e-01
5.465113140440400752e-01 4.534886859559599248e-01
6.003625102797041091e-01 3.996374897202958909e-01
5.463195980485915371e-01 4.536804019514085184e-01
5.476453768337362638e-01 4.523546231662637362e-01
5.438681612068347881e-01 4.561318387931652119e-01
5.412051737560666931e-01 4.587948262439333069e-01
5.364521821905665622e-01 4.635478178094334378e-01
5.490044535241273005e-01 4.509955464758726995e-01
5.482309301981813654e-01 4.517690698018186346e-01
5.509665624019579599e-01 4.490334375980419845e-01
5.418157594146657541e-01 4.581842405853342459e-01
5.479453993995654359e-01 4.520546006004345641e-01
5.516454891051817411e-01 4.483545108948182589e-01
5.465522743971819031e-01 4.534477256028180969e-01
5.398258536917364125e-01 4.601741463082635875e-01
5.366367902127247014e-01 4.633632097872753541e-01
5.429572150255054241e-01 4.570427849744945759e-01
5.470216081097231120e-01 4.529783918902768880e-01
5.446415166592097901e-01 4.553584833407902654e-01
5.482927525651414280e-01 4.517072474348585720e-01
5.484140147863079129e-01 4.515859852136920871e-01
5.416933518721909202e-01 4.583066481278091353e-01
5.483259572029497431e-01 4.516740427970502569e-01
5.536316041681341726e-01 4.463683958318657719e-01
5.456023583565288160e-01 4.543976416434712395e-01
5.455726500540709623e-01 4.544273499459289822e-01
5.436275753105705988e-01 4.563724246894294012e-01
5.534528681494632618e-01 4.465471318505367937e-01
5.380389735923456485e-01 4.619610264076544071e-01
5.728991980702730080e-01 4.271008019297269920e-01
5.417500238461198103e-01 4.582499761538801897e-01
5.467862395771320161e-01 4.532137604228679839e-01
5.473981532234206693e-01 4.526018467765792752e-01
5.543509546019811385e-01 4.456490453980188060e-01
5.462183273460224919e-01 4.537816726539775081e-01
5.536474486545560625e-01 4.463525513454439375e-01
5.519111891294695704e-01 4.480888108705304296e-01
5.541116533627225005e-01 4.458883466372774995e-01
5.428082416652266762e-01 4.571917583347733238e-01
5.416719037401291903e-01 4.583280962598708097e-01
5.485725886340673263e-01 4.514274113659326737e-01
5.431345119569572777e-01 4.568654880430426668e-01
5.455340207091490257e-01 4.544659792908509743e-01
5.443377805619589171e-01 4.556622194380410829e-01
5.446318928450614161e-01 4.553681071549385839e-01
5.636799154357362562e-01 4.363200845642637438e-01
5.514448393247506353e-01 4.485551606752493647e-01
5.547049822543526076e-01 4.452950177456473924e-01
5.554379985361928007e-01 4.445620014638071993e-01
5.407903668568128097e-01 4.592096331431871348e-01
5.411790109708352059e-01 4.588209890291647386e-01
5.542014605397143079e-01 4.457985394602857476e-01
5.441536033441978226e-01 4.558463966558021219e-01
5.470813689753137865e-01 4.529186310246862135e-01
5.480539011784042458e-01 4.519460988215958097e-01
5.469676870610881148e-01 4.530323129389118852e-01
5.480752590420914228e-01 4.519247409579085217e-01
5.401745221769806982e-01 4.598254778230192463e-01
5.505041796575673718e-01 4.494958203424326282e-01
5.480173228057632073e-01 4.519826771942368482e-01
5.580746586950993127e-01 4.419253413049006318e-01
5.430573597019003884e-01 4.569426402980996116e-01
5.503395446835113169e-01 4.496604553164887386e-01
5.487946409718937879e-01 4.512053590281062121e-01
5.520342184588959977e-01 4.479657815411039468e-01
5.577079987021735796e-01 4.422920012978263649e-01
5.456237781212357474e-01 4.543762218787642526e-01
5.475812060584746011e-01 4.524187939415254545e-01
5.451271690851979823e-01 4.548728309148020177e-01
5.420944952694206620e-01 4.579055047305793935e-01
5.423364703221728034e-01 4.576635296778271966e-01
5.391536100326530523e-01 4.608463899673470032e-01
5.493260422774980389e-01 4.506739577225019611e-01
5.444737870136511226e-01 4.555262129863489329e-01
5.566787976396857518e-01 4.433212023603142482e-01
5.408805442290490761e-01 4.591194557709509239e-01
5.543096180994558919e-01 4.456903819005441081e-01
5.423818792569241598e-01 4.576181207430758957e-01
5.434893054819442959e-01 4.565106945180557596e-01
5.447054384154164097e-01 4.552945615845835348e-01
5.910096624959103595e-01 4.089903375040896405e-01
5.412952475489340998e-01 4.587047524510659557e-01
5.383332604843971136e-01 4.616667395156028864e-01
5.443401918712813536e-01 4.556598081287185908e-01
5.465715009111915546e-01 4.534284990888083899e-01
5.396262452565676604e-01 4.603737547434322841e-01
5.459134370621141485e-01 4.540865629378859070e-01
5.539105361055866039e-01 4.460894638944133961e-01
5.430932414163015531e-01 4.569067585836984469e-01
5.414879392930634916e-01 4.585120607069365084e-01
5.546103929759049755e-01 4.453896070240950800e-01
5.468960385204892916e-01 4.531039614795107640e-01
5.507715335503020615e-01 4.492284664496979385e-01
5.520356897577592958e-01 4.479643102422407042e-01
5.475044581682128042e-01 4.524955418317871958e-01
5.471441725573360504e-01 4.528558274426639496e-01
5.483128164730228793e-01 4.516871835269771762e-01
6.034274128821570660e-01 3.965725871178428785e-01
5.523156198783486515e-01 4.476843801216513485e-01
5.525441877392689438e-01 4.474558122607311117e-01
5.457019740076368697e-01 4.542980259923631303e-01
5.359661839753724344e-01 4.640338160246276211e-01
5.622286341350148930e-01 4.377713658649850514e-01
5.352269576719155264e-01 4.647730423280844736e-01
5.374107445900537794e-01 4.625892554099461651e-01
5.483959298757690171e-01 4.516040701242309274e-01
5.444976874986210413e-01 4.555023125013789587e-01
5.418319238319437847e-01 4.581680761680562708e-01
5.481407046213976342e-01 4.518592953786023658e-01
5.516227634001127367e-01 4.483772365998872633e-01
5.476317685530814883e-01 4.523682314469185117e-01
5.428414702078454557e-01 4.571585297921545998e-01
5.567089959513009667e-01 4.432910040486990888e-01
5.425014562576651045e-01 4.574985437423348400e-01
5.465895028276024359e-01 4.534104971723976196e-01
5.571386903209424313e-01 4.428613096790575687e-01
5.521376403987570125e-01 4.478623596012429875e-01
5.498115916288106586e-01 4.501884083711893969e-01
5.448184721326161384e-01 4.551815278673838616e-01
5.438274460418756062e-01 4.561725539581243938e-01
5.424267133461257995e-01 4.575732866538742560e-01
5.519724290436838210e-01 4.480275709563162345e-01
5.415119043595570947e-01 4.584880956404429608e-01
5.503492302013176518e-01 4.496507697986823482e-01
5.446881081388023071e-01 4.553118918611976929e-01
5.628118935981354376e-01 4.371881064018646179e-01
5.704947320058060267e-01 4.295052679941939178e-01
5.517537617282025630e-01 4.482462382717974370e-01
5.530210199947023231e-01 4.469789800052976769e-01
5.459601092199197758e-01 4.540398907800802797e-01
5.491354557449821261e-01 4.508645442550178184e-01
5.512496192454623412e-01 4.487503807545376588e-01
5.554093699369481163e-01 4.445906300630518837e-01
5.417759218167552682e-01 4.582240781832447318e-01
5.451604909917607822e-01 4.548395090082392178e-01
5.423024674980224669e-01 4.576975325019775331e-01
5.457335180163613852e-01 4.542664819836386703e-01
5.426680313195636485e-01 4.573319686804363515e-01
5.539678731979448267e-01 4.460321268020551733e-01
5.440848950871340906e-01 4.559151049128659094e-01
5.436783828538072072e-01 4.563216171461927928e-01
5.428319680949348358e-01 4.571680319050651642e-01
5.468664971885173198e-01 4.531335028114826247e-01
5.602384202547943115e-01 4.397615797452056885e-01
5.402575638316556850e-01 4.597424361683443150e-01
5.532460276755349904e-01 4.467539723244650096e-01
5.443058930512980620e-01 4.556941069487018825e-01
5.521981667508837344e-01 4.478018332491162101e-01
5.609752557897280667e-01 4.390247442102718778e-01
5.394131736379962350e-01 4.605868263620037650e-01
5.490092414943337218e-01 4.509907585056662227e-01
5.422503466553553197e-01 4.577496533446446803e-01
5.539719610569311392e-01 4.460280389430688053e-01
5.403763219480757218e-01 4.596236780519242227e-01
5.391290519222455835e-01 4.608709480777544165e-01
5.531023511197947773e-01 4.468976488802051672e-01
5.871932064805693852e-01 4.128067935194306703e-01
5.520729438216482876e-01 4.479270561783517124e-01
5.500391698217884651e-01 4.499608301782115349e-01
5.483783055304685128e-01 4.516216944695315427e-01
5.513872383608982020e-01 4.486127616391017980e-01
5.470783539978492094e-01 4.529216460021508461e-01
5.515530445637667478e-01 4.484469554362332522e-01
5.385957883236776045e-01 4.614042116763223955e-01
5.503602869964311362e-01 4.496397130035688638e-01
5.391420271079072624e-01 4.608579728920926821e-01
5.390924617292474075e-01 4.609075382707525925e-01
5.454508207771560091e-01 4.545491792228439354e-01
5.451744789212629172e-01 4.548255210787371383e-01
5.471126807516032420e-01 4.528873192483967580e-01
5.454247832503175131e-01 4.545752167496824869e-01
5.524798316180546953e-01 4.475201683819453047e-01
5.704059110617614170e-01 4.295940889382385830e-01
5.421514117638472907e-01 4.578485882361527648e-01
5.540843775579282759e-01 4.459156224420716685e-01
5.550805664805640305e-01 4.449194335194359695e-01
5.414094573272729694e-01 4.585905426727270862e-01
5.500861776873726683e-01 4.499138223126272762e-01
5.491840033103483343e-01 4.508159966896516102e-01
5.417628721752931753e-01 4.582371278247067692e-01
5.402506606307659887e-01 4.597493393692340669e-01
5.458494290795481430e-01 4.541505709204518015e-01
5.437763632240035783e-01 4.562236367759963662e-01
5.445375213563803385e-01 4.554624786436196615e-01
5.537665678964185378e-01 4.462334321035814066e-01
5.428441371673016214e-01 4.571558628326984342e-01
5.619632816692288202e-01 4.380367183307711243e-01
6.525812064270711810e-01 3.474187935729288190e-01
5.472692423512749427e-01 4.527307576487250573e-01
5.556295763916873076e-01 4.443704236083126924e-01
5.410385568881423968e-01 4.589614431118576587e-01
5.519946910983186683e-01 4.480053089016813872e-01
5.528838934219173495e-01 4.471161065780827060e-01
5.422263612747861838e-01 4.577736387252138162e-01
5.388283393525381548e-01 4.611716606474619007e-01
5.402974253009351635e-01 4.597025746990647810e-01
5.801791678912888717e-01 4.198208321087110728e-01
5.520286549032656920e-01 4.479713450967343080e-01
5.409380593434289786e-01 4.590619406565710214e-01
5.374494522536319430e-01 4.625505477463680015e-01
5.431040826289155188e-01 4.568959173710845367e-01
5.457932344317628637e-01 4.542067655682371363e-01
5.653556050197880989e-01 4.346443949802119011e-01
5.569247826571471771e-01 4.430752173428528229e-01
5.492882175255977550e-01 4.507117824744022450e-01
5.396940839488180153e-01 4.603059160511819847e-01
5.413347101213960011e-01 4.586652898786039989e-01
5.398865823498109062e-01 4.601134176501890938e-01
5.410778375331511958e-01 4.589221624668488042e-01
5.403534379840835289e-01 4.596465620159164711e-01
5.488759865133230331e-01 4.511240134866769669e-01
5.443911340384237629e-01 4.556088659615762371e-01
5.433122458230633667e-01 4.566877541769366333e-01
5.420327741624393347e-01 4.579672258375607208e-01
5.501062939579334232e-01 4.498937060420665768e-01
5.478315124123482871e-01 4.521684875876516574e-01
5.366045432916468627e-01 4.633954567083531928e-01
5.533247460639270088e-01 4.466752539360730467e-01
5.414905536184508872e-01 4.585094463815490573e-01
5.413262942578100922e-01 4.586737057421899078e-01
5.372482449431150719e-01 4.627517550568849281e-01
5.545082059442777433e-01 4.454917940557222567e-01
5.506645811852168837e-01 4.493354188147831718e-01
5.472521115898508759e-01 4.527478884101491241e-01
5.448987516606715875e-01 4.551012483393284680e-01
5.412806362930171478e-01 4.587193637069829077e-01
5.394789766781840079e-01 4.605210233218159921e-01
5.736575475927536694e-01 4.263424524072463861e-01
5.670160896611015078e-01 4.329839103388984922e-01
5.465273656433656813e-01 4.534726343566343187e-01
5.583322363575426994e-01 4.416677636424573561e-01
5.495641148477510285e-01 4.504358851522490270e-01
5.467258993194648031e-01 4.532741006805352524e-01
5.514504679719627322e-01 4.485495320280372678e-01
5.549563030119848417e-01 4.450436969880152138e-01
5.431410451357850944e-01 4.568589548642149056e-01
5.515456107005862751e-01 4.484543892994137804e-01
5.365392322634433553e-01 4.634607677365566447e-01
5.363428114938664226e-01 4.636571885061336329e-01
5.378450218405952388e-01 4.621549781594047057e-01
5.498161261395382304e-01 4.501838738604618251e-01
5.478534848177216698e-01 4.521465151822782746e-01
5.509092273167659481e-01 4.490907726832341074e-01
5.538482793501100510e-01 4.461517206498899490e-01
5.423054882337247085e-01 4.576945117662752915e-01
5.502333090647618663e-01 4.497666909352381337e-01
5.421933568750649801e-01 4.578066431249350754e-01
5.394321707760982854e-01 4.605678292239017702e-01
5.446207505801166082e-01 4.553792494198833918e-01
5.401836742844834394e-01 4.598163257155165606e-01
5.430549084950702099e-01 4.569450915049298456e-01
5.485748271412411725e-01 4.514251728587587720e-01
5.571466929543549274e-01 4.428533070456450726e-01
5.417045240215949686e-01 4.582954759784050869e-01
5.805398512688499935e-01 4.194601487311500621e-01
5.499980651033653523e-01 4.500019348966345922e-01
5.515470838857436942e-01 4.484529161142562503e-01
5.451141244226357374e-01 4.548858755773642626e-01
5.572881206281231625e-01 4.427118793718768375e-01
5.481510678634087252e-01 4.518489321365912748e-01
5.443201061836249188e-01 4.556798938163750812e-01
5.481978872271480174e-01 4.518021127728519271e-01
5.452031692723893208e-01 4.547968307276106792e-01
5.452505296505698595e-01 4.547494703494301405e-01
5.478554682554936939e-01 4.521445317445063616e-01
5.453093129919295290e-01 4.546906870080704710e-01
5.522106763708818367e-01 4.477893236291181633e-01
5.437304230619071088e-01 4.562695769380928357e-01
5.427028028501013068e-01 4.572971971498987487e-01
5.497226587096171180e-01 4.502773412903829375e-01
5.457337632487535561e-01 4.542662367512463883e-01
5.482092773524239737e-01 4.517907226475760263e-01
6.599852128684355890e-01 3.400147871315644665e-01
5.500849164910308620e-01 4.499150835089691380e-01
5.447761501958952035e-01 4.552238498041047965e-01
5.462394304924552690e-01 4.537605695075447310e-01
5.428981329505814246e-01 4.571018670494185754e-01
5.464890545916785136e-01 4.535109454083215419e-01
6.454153319166211489e-01 3.545846680833789066e-01
5.429701223703304880e-01 4.570298776296694565e-01
5.359359681321131941e-01 4.640640318678867504e-01
5.426349865785679016e-01 4.573650134214320984e-01
5.420693275985813964e-01 4.579306724014186036e-01
5.350970016028144816e-01 4.649029983971854629e-01
5.447470200653645733e-01 4.552529799346354267e-01
5.493288109521674567e-01 4.506711890478325988e-01
5.417915313608756556e-01 4.582084686391242889e-01
5.355786412264702534e-01 4.644213587735296911e-01
5.475326920475391823e-01 4.524673079524608732e-01
5.506813128979337613e-01 4.493186871020661832e-01
5.421071085272817225e-01 4.578928914727182220e-01
5.541229809890962921e-01 4.458770190109037079e-01
5.481736200112379276e-01 4.518263799887620169e-01
5.540951713341024654e-01 4.459048286658974791e-01
5.436605992225986839e-01 4.563394007774013716e-01
5.470570125043472398e-01 4.529429874956528157e-01
5.692975959037667177e-01 4.307024040962332823e-01
5.419278591461923478e-01 4.580721408538076522e-01
5.388543321874503800e-01 4.611456678125496200e-01
5.469222857949620487e-01 4.530777142050380069e-01
5.459477058863058119e-01 4.540522941136942436e-01
5.494254110965747229e-01 4.505745889034252771e-01
5.420870110153273025e-01 4.579129889846727530e-01
5.430031020182423118e-01 4.569968979817576882e-01
5.359552080445202371e-01 4.640447919554797074e-01
5.516978324660564148e-01 4.483021675339435852e-01
5.566319002381473480e-01 4.433680997618526520e-01
5.530118644045702858e-01 4.469881355954296587e-01
5.461628994770063583e-01 4.538371005229936417e-01
5.962211386756144371e-01 4.037788613243855074e-01
5.446920411214861701e-01 4.553079588785138854e-01
5.433071587537395830e-01 4.566928412462604170e-01
5.411199458975193277e-01 4.588800541024806168e-01
5.472442670501481699e-01 4.527557329498518301e-01
5.558912784933157658e-01 4.441087215066842342e-01
5.453204055122353733e-01 4.546795944877645712e-01
5.528088556844819035e-01 4.471911443155180965e-01
5.432816807529354808e-01 4.567183192470645747e-01
5.448355179429826833e-01 4.551644820570172612e-01
5.578072324916596436e-01 4.421927675083404119e-01
5.421516518614551972e-01 4.578483481385448028e-01
5.416792167853987650e-01 4.583207832146012906e-01
5.437603433338380476e-01 4.562396566661620079e-01
5.467516016217728314e-01 4.532483983782271686e-01
5.508627810524779900e-01 4.491372189475220655e-01
5.413822630182396622e-01 4.586177369817603933e-01
5.436590983202479466e-01 4.563409016797520534e-01
5.414379914737077470e-01 4.585620085262922530e-01
5.485655066116204015e-01 4.514344933883795430e-01
5.543156957980759358e-01 4.456843042019241197e-01
5.508594028222804084e-01 4.491405971777195916e-01
5.483412692636858710e-01 4.516587307363141290e-01
5.498347253932389656e-01 4.501652746067610900e-01
6.081336584650978150e-01 3.918663415349021850e-01
5.440171385983116892e-01 4.559828614016882553e-01
5.496335431008461114e-01 4.503664568991539441e-01
5.488869578834409957e-01 4.511130421165590598e-01
5.497722534761640967e-01 4.502277465238359033e-01
5.386670949619596360e-01 4.613329050380404195e-01
5.455185283395549423e-01 4.544814716604450577e-01
5.468019024034921349e-01 4.531980975965078651e-01
5.466965617670134225e-01 4.533034382329866330e-01
5.524984624613622497e-01 4.475015375386376948e-01
5.573692555723437358e-01 4.426307444276563197e-01
5.430983662522634869e-01 4.569016337477365131e-01
5.620211489447861641e-01 4.379788510552138359e-01
5.405372694966786851e-01 4.594627305033213149e-01
5.387430902415208944e-01 4.612569097584790501e-01
5.456322967145029734e-01 4.543677032854970266e-01
5.716318602485976896e-01 4.283681397514023104e-01
5.534684369193645370e-01 4.465315630806354075e-01
5.574645031257507988e-01 4.425354968742492012e-01
5.683556475767419514e-01 4.316443524232580486e-01
5.407797314624225304e-01 4.592202685375774140e-01
5.805297905291773031e-01 4.194702094708226414e-01
5.447459774763128149e-01 4.552540225236871296e-01
5.381328925359269988e-01 4.618671074640730012e-01
5.483488999940379083e-01 4.516511000059620917e-01
5.547677932261358968e-01 4.452322067738641587e-01
5.506074253577861732e-01 4.493925746422138823e-01
5.418556923634727518e-01 4.581443076365272482e-01
5.457534672612480708e-01 4.542465327387519292e-01
5.409153090856082535e-01 4.590846909143917465e-01
5.431885755731746812e-01 4.568114244268253188e-01
5.833227349163845332e-01 4.166772650836154668e-01
5.383350290929138637e-01 4.616649709070861918e-01
5.491262697528420667e-01 4.508737302471579889e-01
5.422260796786009251e-01 4.577739203213990193e-01
5.636470297679354591e-01 4.363529702320645964e-01
5.404984462297466319e-01 4.595015537702533126e-01
5.424486029202526538e-01 4.575513970797474017e-01
5.450737172056843161e-01 4.549262827943156839e-01
5.486711963939030490e-01 4.513288036060970065e-01
5.404053719342609696e-01 4.595946280657390304e-01
5.458855566630305134e-01 4.541144433369695421e-01
5.513405115248066757e-01 4.486594884751932688e-01
5.484050588332800569e-01 4.515949411667198876e-01
5.464493665157261759e-01 4.535506334842738796e-01
5.470528050811165333e-01 4.529471949188834112e-01
5.489614834074130201e-01 4.510385165925870354e-01
5.490936527212686435e-01 4.509063472787313565e-01
5.387798101273948426e-01 4.612201898726051574e-01
5.379028802998510050e-01 4.620971197001489950e-01
5.410205054976744421e-01 4.589794945023256134e-01
5.545197401835597617e-01 4.454802598164402383e-01
5.419259293016097656e-01 4.580740706983902344e-01
5.457979729319769602e-01 4.542020270680230398e-01
5.388280381444467970e-01 4.611719618555532030e-01
5.404439434809462650e-01 4.595560565190536795e-01
5.562315232298076229e-01 4.437684767701924327e-01
5.373379032280037881e-01 4.626620967719962119e-01
5.840493703989816376e-01 4.159506296010183624e-01
5.420591076871761338e-01 4.579408923128238662e-01
5.508190742574248233e-01 4.491809257425751212e-01
5.451993226774890511e-01 4.548006773225109489e-01
5.429633241556295342e-01 4.570366758443704658e-01
5.479746096837738722e-01 4.520253903162260722e-01
5.432034606808544552e-01 4.567965393191456003e-01
5.574432751945139763e-01 4.425567248054859681e-01
5.390592609618538589e-01 4.609407390381461411e-01
5.434955245893420273e-01 4.565044754106579172e-01
5.439504478264389764e-01 4.560495521735610236e-01
5.521292430821964636e-01 4.478707569178035364e-01
5.451029489205968526e-01 4.548970510794031474e-01
5.375546772707335830e-01 4.624453227292663615e-01
7.180122147107859121e-01 2.819877852892141434e-01
5.441021107188289685e-01 4.558978892811710315e-01
5.430850397334088253e-01 4.569149602665911192e-01
5.587783977752001086e-01 4.412216022247998914e-01
5.446041435620125881e-01 4.553958564379873564e-01
5.361124013884899231e-01 4.638875986115100214e-01
5.437408338769933458e-01 4.562591661230065987e-01
5.457710181955457429e-01 4.542289818044542016e-01
5.504102893887286019e-01 4.495897106112713981e-01
5.590909547909330701e-01 4.409090452090669854e-01
5.601530392742105624e-01 4.398469607257894376e-01
5.419911661149250381e-01 4.580088338850750174e-01
5.611126713555385503e-01 4.388873286444614497e-01
5.612186842396053033e-01 4.387813157603946967e-01
5.424376953143201785e-01 4.575623046856798770e-01
5.689572760310444011e-01 4.310427239689555434e-01
5.432784953408976714e-01 4.567215046591023286e-01
5.519252620008647803e-01 4.480747379991351642e-01
5.429644144103134007e-01 4.570355855896865993e-01
5.394577432117702021e-01 4.605422567882297979e-01
5.503014313647405231e-01 4.496985686352595324e-01
5.464414125394454480e-01 4.535585874605545520e-01
5.439994201509830152e-01 4.560005798490170403e-01
5.421673551740435748e-01 4.578326448259564252e-01
5.431848016653425537e-01 4.568151983346574463e-01
5.513458854506063656e-01 4.486541145493936344e-01
5.403874730523069436e-01 4.596125269476930564e-01
5.442756094914191767e-01 4.557243905085807678e-01
5.957253048979520571e-01 4.042746951020479429e-01
5.459272482669796922e-01 4.540727517330202523e-01
5.394831374751938302e-01 4.605168625248062253e-01
5.443222172856880814e-01 4.556777827143119741e-01
5.409092451183046268e-01 4.590907548816953176e-01
5.901028779343041597e-01 4.098971220656958403e-01
5.470401707211823839e-01 4.529598292788176161e-01
6.708897207535593488e-01 3.291102792464405957e-01
5.408602514675904249e-01 4.591397485324095196e-01
5.395614012842044893e-01 4.604385987157954552e-01
5.490970856952894774e-01 4.509029143047104671e-01
5.414616576051758390e-01 4.585383423948242165e-01
5.577623883833185969e-01 4.422376116166814031e-01
5.411562667057674414e-01 4.588437332942325031e-01
5.577864759030860542e-01 4.422135240969139458e-01
5.411963072562492316e-01 4.588036927437507684e-01
5.496246127231050327e-01 4.503753872768949673e-01
5.584652673784959998e-01 4.415347326215040558e-01
5.590058555656634010e-01 4.409941444343366546e-01
5.418759797755937635e-01 4.581240202244062365e-01
5.493427696246927505e-01 4.506572303753072495e-01
5.467187418090992956e-01 4.532812581909007044e-01
5.825658350728439849e-01 4.174341649271560706e-01
5.621419741222848376e-01 4.378580258777152179e-01
5.589268196236483188e-01 4.410731803763516812e-01
5.584334918249111990e-01 4.415665081750888010e-01
5.529330333258745123e-01 4.470669666741254877e-01
5.574657648848980740e-01 4.425342351151019260e-01
5.463792399188789339e-01 4.536207600811211216e-01
5.409253402890141782e-01 4.590746597109858773e-01
5.464006646687215030e-01 4.535993353312784970e-01
5.432622552307830865e-01 4.567377447692169135e-01
5.435456220502208335e-01 4.564543779497791109e-01
5.612210431890330975e-01 4.387789568109669025e-01
5.457912684481887045e-01 4.542087315518112955e-01
5.409748240642289208e-01 4.590251759357710792e-01
5.580716059045618405e-01 4.419283940954382151e-01
5.488138942498139716e-01 4.511861057501860839e-01
5.412239313201269164e-01 4.587760686798730836e-01
5.537203425070970075e-01 4.462796574929029925e-01
5.626806281240189778e-01 4.373193718759810222e-01
5.477146339108275308e-01 4.522853660891724692e-01
5.547832493026458867e-01 4.452167506973541689e-01
5.611836225112909471e-01 4.388163774887089974e-01
5.556571548282602802e-01 4.443428451717396643e-01
5.561264561344961832e-01 4.438735438655038168e-01
5.412258563699328118e-01 4.587741436300671327e-01
5.565925556436388533e-01 4.434074443563611467e-01
5.481453714312334302e-01 4.518546285687666253e-01
5.519089567758650450e-01 4.480910432241348995e-01
5.503282392129569267e-01 4.496717607870430178e-01
5.464497808733392858e-01 4.535502191266607142e-01
5.414628539652641681e-01 4.585371460347357764e-01
5.536097435148781276e-01 4.463902564851219279e-01
5.467867217684601044e-01 4.532132782315399511e-01
5.642521911552698111e-01 4.357478088447302444e-01
5.479692802441364918e-01 4.520307197558634527e-01
5.757707537760143879e-01 4.242292462239856121e-01
5.591876342624252372e-01 4.408123657375747628e-01
5.481916077079478367e-01 4.518083922920522189e-01
5.470763670936424905e-01 4.529236329063574540e-01
5.455477823897499912e-01 4.544522176102500088e-01
5.409646119076054749e-01 4.590353880923944696e-01
5.410967204902814576e-01 4.589032795097185424e-01
5.458591553080223147e-01 4.541408446919776853e-01
5.436306196086813092e-01 4.563693803913186353e-01
5.535847918532248446e-01 4.464152081467750999e-01
5.453252635099004042e-01 4.546747364900995403e-01
5.416063349068120925e-01 4.583936650931879075e-01
5.402738134470320697e-01 4.597261865529679303e-01
5.440271272150281057e-01 4.559728727849718388e-01
5.370253724465592349e-01 4.629746275534407651e-01
5.477585483134453925e-01 4.522414516865546075e-01
5.473555043800342190e-01 4.526444956199657810e-01
5.507259165170674819e-01 4.492740834829325736e-01
5.518558611180237605e-01 4.481441388819762950e-01
5.451565949001305755e-01 4.548434050998694245e-01
5.419618621139070669e-01 4.580381378860929886e-01
5.483798245488892276e-01 4.516201754511107724e-01
5.497427078337031592e-01 4.502572921662968408e-01
5.457328914022068211e-01 4.542671085977932344e-01
5.456253906856716185e-01 4.543746093143283260e-01
5.854173058048761646e-01 4.145826941951237798e-01
5.430846576323730135e-01 4.569153423676269865e-01
5.498465367246557767e-01 4.501534632753442233e-01
5.532290987640451352e-01 4.467709012359548093e-01
5.387975463518470676e-01 4.612024536481529879e-01
5.569953292086284868e-01 4.430046707913715687e-01
5.407841005279616642e-01 4.592158994720382803e-01
5.436467021888720108e-01 4.563532978111279892e-01
5.477834199780369229e-01 4.522165800219631326e-01
5.442936280759462786e-01 4.557063719240537214e-01
5.602072266635005349e-01 4.397927733364994096e-01
5.393854783330984670e-01 4.606145216669015885e-01
5.471889119866610862e-01 4.528110880133389693e-01
5.449691431570617972e-01 4.550308568429382028e-01
5.475916895322420208e-01 4.524083104677579792e-01
5.466535239278543790e-01 4.533464760721456210e-01
5.414307430243373576e-01 4.585692569756626424e-01
5.510491385192527458e-01 4.489508614807472542e-01
5.425100111916476564e-01 4.574899888083523991e-01
5.470298145427916481e-01 4.529701854572083519e-01
5.613612511810117667e-01 4.386387488189881778e-01
5.455171944501480130e-01 4.544828055498519315e-01
5.508059369178048836e-01 4.491940630821951719e-01
5.490371532701182611e-01 4.509628467298817389e-01
5.339200251316547075e-01 4.660799748683452370e-01
5.496001853060115128e-01 4.503998146939885427e-01
5.622345377691121415e-01 4.377654622308878585e-01
5.405243006496198710e-01 4.594756993503801845e-01
5.517034658925795698e-01 4.482965341074204302e-01
5.427959480508868229e-01 4.572040519491131771e-01
5.535620826744759304e-01 4.464379173255240696e-01
5.463526916375440745e-01 4.536473083624559255e-01
5.474412454203025913e-01 4.525587545796974642e-01
5.483754112490658583e-01 4.516245887509341417e-01
5.604034037626631770e-01 4.395965962373368230e-01
5.432485073117967467e-01 4.567514926882031978e-01
5.417771750685413945e-01 4.582228249314586055e-01
5.438889694911390738e-01 4.561110305088609262e-01
5.507614101135933637e-01 4.492385898864065807e-01
5.482521800229915865e-01 4.517478199770083580e-01
5.542457335501502769e-01 4.457542664498497786e-01
5.470524171609998376e-01 4.529475828390001069e-01
5.463393273652576987e-01 4.536606726347423013e-01
5.447869642371724330e-01 4.552130357628275670e-01
5.517985799973540439e-01 4.482014200026459561e-01
5.569778142645318564e-01 4.430221857354681991e-01
